00 01 0C 0
00 02 63 0
11 02 0C 0
0A 02 08 0
25 02 04 0
71 02 08 0
00 03 08 0
03 03 30 0
0A 03 40 0
10 03 44 -1
11 03 3D 0
13 03 0B 0
16 03 3D 0
18 03 3D 0
1F 03 00 -1
25 03 04 0
38 03 3D 0
40 03 3D 0
46 03 0A 1
4E 03 30 0
74 03 63 0
77 03 08 0
6E 03 08 0
6F 03 58 0
71 03 08 0
18 03 3D 0
00 04 0F -1
10 04 0A -1
11 04 3D 0
11 04 0A -1
23 04 6C 0
25 04 04 0
16 04 3D 0
3C 04 6C 0
41 04 6C 0
46 04 04 0
4E 04 0A 0
59 04 08 0
6E 04 08 0
74 04 63 0
77 04 2E 0
00 05 6C 0
72 05 30 0
00 06 0A -1
01 06 6C 0
07 06 0A -1
0C 06 0A -1
0D 06 0A -1
13 06 0A -1
19 06 6C 0
25 06 0B -1
26 06 0B -1
41 06 0B -1
4C 06 6C 0
72 06 30 0
00 07 0B 0
07 07 0A -1
13 07 0A -1
23 07 0A -1
25 07 0B -1
26 07 0B -1
28 07 0A -1
29 07 0A -1
2A 07 0A -1
41 07 0B -1
72 07 30 0
00 08 30 0
04 08 0A -1
25 08 0A -1
2E 08 0A -1
3F 08 0B -1
40 08 30 1
4A 08 08 0
6E 08 30 0
70 08 08 0
72 08 2E -1
74 08 0A 0
75 08 09 0
7D 08 3D 0
00 09 0A 0
1E 09 0A -1
1F 09 0A -1
23 09 30 -1
24 09 0A -1
29 09 0A -1
2B 09 0A -1
40 09 0A -1
4A 09 08 0
70 09 08 0
76 09 0A -1
00 0A 0A -1
07 0A 0A -1
0C 0A 0A -1
1C 0A 0A -1
6E 0A 30 0
75 0A 2E 0
75 0A 0B -1
76 0A 0A -1
77 0A 0A -1
00 0B 2E -1
07 0B 0A -1
08 0B 0A -1
1A 0B 0A -1
2D 0B 0A -1
47 0B 0A -1
6E 0B 2E -1
72 0B 2E -1
75 0B 2E 0
76 0B 2E -1
7E 0B 2E -1
00 0C 0E -1
1E 0C 2E -1
4B 0C 2E -1
75 0C 0E -1
75 0C 2E 0
00 0D 2E -1
4A 0D 30 0
00 0E 06 0
72 0E 2E -1
00 0F 52 -1
6F 0F 58 -1
6C 0F 63 1
00 10 0A -1
23 10 3D 0
00 11 0A -1
7D 11 3D 0
00 13 0B 0
00 15 18 0
00 16 18 0
00 17 19 -1
00 19 27 -2
00 1A 26 -1
00 1C 21 -1
00 1D 24 -1
00 1F 30 0
00 20 30 0
00 21 30 0
23 21 32 0
00 22 30 -1
19 22 30 0
00 23 34 -1
00 24 34 -1
28 25 30 -1
00 27 30 0
00 28 30 0
00 29 30 0
00 2A 28 -1
00 2B 11 0
00 2C 11 0
00 2D 11 0
31 2D 11 1
00 2F 30 0
6B 30 6E -1
00 31 30 0
1E 31 49 -1
00 32 30 0
00 33 49 -1
6D 33 4B -1
6F 33 28 -2
00 34 49 -1
03 34 47 0
10 34 6F 0
1B 34 28 0
1B 34 49 -1
1E 34 6F 0
24 34 46 -1
2D 34 41 0
2D 34 49 -1
2E 34 41 0
2E 34 49 -1
48 34 41 0
6D 34 28 0
6F 34 28 0
00 35 47 0
10 35 6F 0
1B 35 28 0
1E 35 6F 0
29 35 49 -1
75 35 49 0
00 36 46 -1
0B 36 46 0
75 36 49 0
00 37 46 -1
3C 37 49 -1
24 37 49 -1
3C 38 49 -1
00 39 3D 0
17 39 3D 0
00 3A 3D 0
00 3B 3D 0
00 3C 3D 0
00 3D 3D 0
08 3D 3D -1
08 3D 3D 0
26 3D 3D -1
34 3D 3D -1
36 3D 3D -1
78 3D 3D 0
00 3E 41 0
08 3E 41 -1
19 3E 41 -1
38 3E 41 -1
00 3F 38 -1
00 40 44 -1
04 40 3C -1
08 40 44 -1
0E 40 44 0
15 40 44 -1
19 40 41 -1
1F 40 44 0
2F 40 41 -1
39 40 3D -1
00 41 44 0
04 41 3C -1
06 41 44 0
08 41 41 -1
15 41 44 -1
19 41 41 -1
6C 41 49 0
00 42 3D -1
06 42 44 0
0E 42 44 0
1D 42 3C 0
1F 42 3D 0
2E 42 39 0
30 42 39 0
71 42 3D -1
1F 43 3D 0
21 43 3D -1
2E 43 3D 0
30 43 39 0
38 43 40 -1
00 44 3D -1
00 47 28 -1
00 48 28 -1
00 49 28 -1
14 49 28 0
00 4A 30 0
73 4A 30 -1
00 4B 2D -1
00 4C 2D -1
24 4C 28 0
25 4C 28 0
24 4D 28 0
25 4D 28 0
73 4D 31 -1
00 51 4B 0
00 52 4B 0
02 52 6F 0
6B 52 4B 0
00 53 0F 0
20 53 72 -1
6B 53 72 -1
00 54 08 -1
03 54 19 -1
20 54 72 -1
00 55 52 0
00 56 52 0
6C 58 3D -1
00 5B 3D -1
00 5C 52 -1
26 5C 3D -1
00 5D 51 -1
0F 5E 3E -1
22 5E 51 -1
26 5E 51 -1
27 5E 51 -1
34 5E 51 -1
36 5E 3E -1
6C 5E 3E -1
00 5F 49 0
6C 59 51 0
00 60 50 0
00 61 51 0
24 61 3D -1
32 61 42 0
00 62 52 0
04 62 58 0
14 62 0B 0
00 63 52 0
04 63 58 0
1D 63 58 0
00 64 52 0
1D 64 58 0
00 79 2F -1
00 7B 74 0
00 7F 00 0